20 95.38659057617187
40 91.92867736816407
60 93.49605102539063
80 92.50127563476562
100 95.41663208007812
120 92.87234802246095
140 90.89675903320312
160 95.73865661621093
180 93.73541564941407
200 94.05850219726562
220 93.04923706054686
240 93.36543579101561
260 96.14839782714844
280 94.03988037109376
300 94.59710693359375
320 92.03407592773436
340 93.94412536621093
360 94.01969299316406
380 93.03307495117187
400 93.69117431640626
420 93.92887878417969
440 94.83883056640624
460 96.07902221679687
480 94.48498229980468
500 95.51437377929686
520 95.20989990234376
540 94.35758972167969
560 96.08778686523438
580 94.84642944335937
600 95.04229125976562
660 94.33262634277342
720 93.99969177246095
780 94.34044189453125
840 95.77219848632812
900 94.10522155761718
960 95.21049194335937
1020 95.79415283203126
1080 94.94810791015627
1140 96.43795166015626
1200 94.57200622558594
